0020
0022
0023
0025
0026
0027
0028
0029
0030
0031
0032
0035
0040
0043
0046
0047
0050
0052
0054
0057
0058
0060
0062
0066
0068
0069
0070
0071
0073
0074
0076
0078
0081
0082
0083
0085
0086
0088
0090
0091
0094
0095
0096
0097
0098
0099
0100
0101
0103
0104
0105
0110
0112
0113
0114
0116
0118
0120
0123
0127
0128
0129
0131
0134
0135
0136
0142
0143
0146
0147
0148
0149
0153
0155
0157
0158
0160
0162
0165
0171
0175
0177
0183
0188
0190
0192
0193
0194
0202
0205
0206
0210
0212
0213
0216
0217
0218
0222
0224
0226
0228
0230
0232
0233
0234
0238
0239
0240
0241
0243
0244
0249
0250
0255
0256
0381
0382
0384
0385
0387
0389
0390
0391
0395
0396
0399
0402
0404
0406
0408
0412
0413
0415
0417
0420
0421
0422
0424
0426
0427
0428
0429
0432
0433
0436
0438
0440
0442
0445
0448
0449
0452
0453
0457
0458
0459
0460
0461
0463
0464
0466
0467
0470
0471
0474
0475
0477
0478
0484
0486
0487
0489
0490
0492
0494
0496
0500
0503
0505
0507
0508
0510
0511
0513
0514
0515
0517
0519
0520
0521
0522
0523
0526
0527
0528
0557
0560
0561
0562
0563
0564
0565
0566
0571
0572
0576
0577
0578
0579
0580
0581
0582
0583
0585
0586
0590
0593
0594
0596
0597
0599
0601
0602
0604
0605
0608
0609
0611
0612
0613
0614
0616
0617
0619
0620
0624
0625
0627
0631
0632
0633
0638
0639
