0019
0020
0022
0023
0025
0026
0027
0028
0029
0071
0073
0074
0076
0078
0081
0082
0083
0085
0086
0088
0090
0091
0094
0095
0096
0097
0098
0099
0100
0101
0103
0104
0105
0110
0111
0112
0113
0114
0116
0118
0120
0123
0127
0128
0129
0131
0132
0134
0135
0136
0142
0143
0146
0147
0148
0149
0153
0155
0157
0158
0160
0162
0165
0166
0171
0173
0175
0177
0180
0183
0188
0190
0192
0193
0194
0202
0204
0205
0206
0207
0210
0212
0213
0216
0217
0218
0222
0224
0226
0228
0230
0232
0233
0234
0238
0239
0240
0241
0243
0244
0249
0250
0255
0256
0381
0382
0384
0385
0387
0388
0389
0390
0391
0395
0396
0399
0402
0404
0406
0408
0412
0413
0415
0417
0420
0421
0422
0424
0426
0427
0428
0429
0432
0433
0436
0437
0438
0440
0442
0445
0446
0448
0449
0452
0453
0457
0458
0459
0460
0461
0463
0464
0466
0467
0470
0471
0474
0475
0477
0478
0484
0486
0487
0489
0490
0492
0494
0496
0500
0503
0505
0507
0508
0510
0511
0513
0514
0515
0516
0517
0518
0519
0520
0521
0522
0523
0526
0527
0528
