37
111
132
166
204
381
382
384
385
387
388
389
390
391
395
396
399
402
404
406
408
412
413
415
417
420
421
422
424
426
427
428
429
432
433
436
437
438
440
442
445
446
448
449
452
453
457
458
459
460
461
463
464
466
467
470
471
474
475
477
478
484
486
487
489
490
492
494
496
500
503
505
507
508
510
511
513
514
515
516
517
518
519
520
521
522
523
526
527
528
557
560
561
562
563
564
565
566
571
572
576
577
578
579
580
581
582
583
585
586
587
590
593
594
596
597
599
601
602
604
605
608
609
611
612
613
614
616
617
619
620
624
625
627
631
632
633
636
638
639
